122
10
196
82
5574
7121
200
171
17
3965
159
332
104
206
77
170
108
30
3798
67
146
2018
2961
25
233
1008
70
71
139
126
5242
164
1142
190
204
5419
214
3682
8524
132
186
84
161
4105
1950
124
5287
87
205
111
543
85
157
4
221
259
2504
4237
760
1663
2100
2742
2441
4885
39
227
3182
5536
3367
44
172
69
12
9
2775
208
1316
1272
2250
5448
6
217
155
1123
121
102
76
2796
173
2026
2190
2608
2512
4640
4749
4985
4999
5036
5063
5082
5100
5131
5151
5170
5196
5215
143
367
156
5440
151
1382
3853
7419
3517
203
1406
